ID	Group	f__AKAU3564_sediment_group	f__Desulfuromonadaceae	g__Citrifermentans	g__Geobacter	o__Dehalococcoidales
SS136	0	0	0	0	0	0
SS135	0	0	0	0	0	0
SS134	0	0	0	0	0	0
SS133	0	0	0	0	0	0
SS132	0	0	0	0	0	0
SS131	0	0.002842	0	0	0	0
SS130	0	0.028254	0.049074	0	0	0
SS113	0	0	0	0	0	0
SS112	0	0	0	0	0	0
SS111	0	0	0	0	0	0
SS110	0	0	0	0	0	0
SS109	0	0	0	0	0	0
SS108	0	0	0	0	0	0
SS107	0	0	0	0	0	0
SS106	0	0	0	0	0	0
SS105	0	0	0	0	0	0
SS104	0	0	0	0	0	0.003005
SS103	0	0	0	0	0	0
SS102	0	0	0	0	0.006386	0
SS101	0	0	0	0	0	0
SS100	0	0	0	0	0	0
SS99	0	0	0	0	0	0
SS98	0	0	0	0	0	0
SS97	0	0	0.003047	0	0	0
SS96	0	0	0	0	0	0
SS95	0	0	0	0	0	0
SS94	0	0	0	0	0	0
SS93	0	0	0	0	0	0
SS92	0	0	0	0	0	0
SS91	0	0	0	0	0	0
SS90	0	0	0	0	0.00766	0
SS89	0	0	0.003653	0	0	0
SS88	0	0	0	0	0	0
SS87	0	0	0	0	0	0
SS86	0	0	0	0	0.003168	0
SS85	0	0	0	0	0	0
SS84	0	0	0	0	0	0
SS83	0	0	0	0	0	0
SS82	0	0	0	0	0	0
SS81	0	0	0	0	0	0
SS80	0	0	0.003366	0	0.003366	0
SS79	0	0	0	0	0	0
SS78	0	0	0	0	0	0
SS77	0	0	0	0	0	0
SS76	0	0	0	0	0	0
SS75	0	0	0	0	0	0
SS74	0	0	0	0	0	0
SS73	0	0	0	0	0	0
SS72	0	0	0	0	0	0
SS71	0	0	0	0	0	0
SS70	0	0	0.004899	0	0	0
SS69	0	0	0	0	0	0
SS68	0	0	0	0	0	0
SS67	0	0	0	0	0	0
SS66	0	0.01475	0.044251	0	0	0
SS65	0	0	0	0	0.004788	0
SS64	0	0	0	0	0	0
SS63	0	0	0	0	0	0
SS62	0	0	0	0	0	0
SS61	0	0	0	0	0	0
SS60	0	0	0	0	0	0
SS59	0	0	0	0	0	0
SS58	0	0	0	0	0	0
SS57	0	0	0	0	0	0
SS56	0	0	0	0	0	0
SS55	0	0	0	0	0	0
SS54	0	0	0	0	0	0
SS53	0	0	0	0	0	0
SS52	0	0	0	0	0	0
SS51	0	0	0	0	0	0
SS50	0	0	0	0	0	0
SS49	0	0	0	0	0	0
SS48	0	0	0.003267	0	0	0
SS47	0	0.015087	0	0	0	0
SS46	0	0	0	0	0	0
SS45	0	0	0	0	0	0
SS44	0	0	0	0	0	0
SS43	0	0.012335	0.04163	0	0.029295	0
SS42	0	0.007006	0	0	0	0
SS41	0	0.01759	0	0	0	0
SS40	0	0	0	0	0	0
SS39	0	0	0	0	0	0
SS38	0	0	0	0	0	0
SS37	0	0.003362	0	0	0.006723	0.011765
SS36	0	0	0	0	0.003118	0.088865
SS35	0	0	0	0	0.004787	0.04947
SS540	0	0	0	0.007366	0	0
SS539	0	0	0	0.003727	0	0
SS538	0	0	0	0	0	0
SS151	0	0	0	0	0	0
SS152	0	0	0	0	0	0
SS153	0	0	0	0	0	0
SS154	0	0	0	0	0	0
SS155	0	0	0	0	0	0
SS156	0	0	0	0	0	0
SS157	0	0	0	0	0	0
SS158	0	0	0.008306	0	0.039868	0.008306
SS159	0	0	0	0	0	0
SS160	0	0	0	0	0	0
SS161	0	0	0	0	0	0
SS162	0	0	0	0	0.077842	0
SS163	0	0	0	0	0	0
SS164	0	0	0	0	0	0
SS1	0	0	0	0	0	0
SS2	0	0	0	0	0	0
SS3	0	0	0	0	0	0
SS4	0	0	0	0	0	0
SS5	0	0	0	0	0	0
SS6	0	0	0	0	0	0
SS7	0	0	0	0	0	0
SS8	0	0	0.003199	0	0	0
SS9	0	0	0	0	0	0
SS10	0	0	0	0	0	0
SS11	0	0	0	0	0	0
SS12	0	0	0	0	0	0
SS13	0	0	0	0	0	0
SS14	0	0	0	0	0	0
SS15	0	0	0	0	0	0
SS16	0	0	0	0	0	0
SS17	0	0	0	0	0	0
SS18	0	0	0	0	0	0
SS19	0	0	0	0	0	0
SS20	0	0	0	0	0	0
SS21	0	0	0	0	0	0
SS22	0	0	0	0	0	0
SS23	0	0	0	0	0	0
SS24	0	0	0	0	0	0
SS25	0	0	0	0	0	0
SS26	0	0	0	0	0	0
SS27	0	0	0	0	0	0
SS28	0	0	0	0	0	0
SS29	0	0	0	0	0	0
SS30	0	0	0	0	0	0
SS31	0	0	0	0	0	0
SS32	0	0	0	0	0	0
SS33	0	0	0	0	0	0
SS34	0	0	0	0	0	0
SS137	0	0	0.003064	0	0	0
SS138	0	0	0	0	0	0
SS537	0	0	0	0	0	0
SS139	0	0	0	0	0	0
SS140	0	0	0.006563	0	0	0
SS141	0	0	0	0	0	0
SS142	0	0	0	0	0	0
SS143	0	0	0	0	0	0
SS144	0	0	0	0	0	0
SS145	0	0	0	0	0	0
SS146	0	0	0	0	0	0
SS147	0	0	0	0	0	0
SS148	0	0	0	0	0	0
SS149	0	0	0	0	0	0
SS150	0	0	0	0	0	0
SS165	0	0	0	0	0	0
SS166	0	0	0.004808	0	0	0
SS167	0	0	0	0	0	0
SS168	0	0	0	0	0	0
SS169	0	0	0	0	0	0
SS170	0	0	0	0	0	0
SS114	0	0	0	0	0	0
SS115	0	0	0	0	0	0
SS116	0	0	0	0	0	0
SS117	0	0	0	0	0	0
SS118	0	0	0	0	0	0
SS119	0	0	0	0	0	0
SS120	0	0	0	0	0	0
SS121	0	0	0	0	0	0
SS122	0	0	0	0	0	0
SS123	0	0	0	0	0	0
SS124	0	0	0	0	0	0
SS125	0	0	0.016999	0	0	0.007727
SS126	0	0	0	0	0	0
SS127	0	0	0	0	0	0
SS128	0	0	0	0	0	0
SS129	0	0	0	0	0	0
SS272	1	0.056992	0.038607	0.062507	0.055153	0.012869
SS271	1	0.040904	0.070653	0.011156	0.048342	0
SS270	1	0	0.079267	0.0058	0.007733	0
SS269	1	0.003796	0.13287	0	0.003796	0.009491
SS268	1	0.071358	0.08293	0	0.054001	0
SS267	1	0.011994	0	0.727622	0.415784	0.017991
SS265	1	0.084534	0.055131	0	0.060644	0.016539
SS260	1	0.076903	0.251341	0.050643	0.007503	0
SS259	1	0.007883	0.124545	0.017342	0.028377	0
SS258	1	0.049076	0.35335	0.066744	0.288569	0
SS257	1	0.107647	0.050111	0.016704	0.146622	0.02784
SS256	1	0	0.072397	0.028622	0.015153	0
SS255	1	0.006545	0.078539	0.003272	0.014726	0.01309
SS254	1	0.00915	0.051238	0	0.00732	0.016469
SS253	1	0	0.210088	0.014365	0.14365	0.003591
SS252	1	0.174307	0.449244	0.01797	0.052112	0.043127
SS251	1	0.12845	0.33154	0.105884	0.321125	0.039924
SS250	1	0.027397	0.177028	0.010537	0	0.00843
SS249	1	0.028473	0.238856	0	0.056946	0.012655
SS248	1	0.005287	0.149801	0.028198	0.063445	0
SS247	1	0	0.056758	0.016478	0	0.009154
SS246	1	0.08044	0.039432	0	0.023659	0.015773
SS245	1	0.003605	0.016224	0.009013	0.012619	0
SS244	1	0.075454	0.065781	0	0	0.003869
SS243	1	0.005517	0.30896	0.034942	0.108504	0.005517
SS242	1	0	0	0	0	0
SS241	1	0.005621	0	0	0	0
SS240	1	0	0.057378	0.02664	0.022541	0.006148
SS239	1	0.003387	0.140564	0	0.02371	0.006774
SS238	1	0	0.117647	0	0.009358	0.177807
SS237	1	0	0	0	0	0
SS236	1	0	0.073008	0	0	0
SS235	1	0	0.293056	0.021979	0.04579	0
SS234	1	0	0.071866	0	0.009374	0.003125
SS233	1	0	0.224263	0.011459	0.03765	0.003274
SS232	1	0.003341	0.078523	0	0	0
SS231	1	0	0	0	0	0
SS230	1	0.003499	0.022746	0.003499	0.003499	0
SS229	1	0.028876	0.221888	0	0.083588	0.015198
SS228	1	0.042118	0.104453	0	0.050542	0.011793
SS227	1	0	0.042021	0.034381	0.01719	0
SS226	1	0.062998	0	0.020999	0.020999	0.017499
SS296	1	0.044403	0	0	0.029033	0.003416
SS225	1	0	0	0	0	0
SS224	1	0	0.17353	0.032664	0.008166	0
SS223	1	0.013082	0.268184	0.008721	0	0.008721
SS222	1	0.006289	0.062888	0.018866	0.004193	0
SS221	1	0.147472	0.58399	0.06882	0.096349	0.023596
SS220	1	0	0.16118	0.026863	0.022731	0
SS219	1	0	0.03727	0	0	0
SS218	1	0	0	0	0	0
SS217	1	0	0	0	0	0.003295
SS216	1	0	0	0	0	0
SS215	1	0	0.131193	0.009647	0	0
SS214	1	0	0.231052	0.010315	0.13203	0
SS213	1	0.065394	0.164477	0.053505	0.279413	0.041615
SS212	1	0.029917	0.058259	0	0	0.01732
SS211	1	0	0	0	0	0.015428
SS210	1	0	0	0	0	0
SS209	1	0.015635	0.037523	0.009381	0.006254	0.006254
SS208	1	0.049713	0.848441	0	0.205482	0.024857
SS207	1	0.050743	0.08611	0	0.072271	0
SS206	1	0	0.00638	0	0	0
SS205	1	0.002988	0.040333	0	0	0
SS204	1	0.018743	0.463889	0.037486	0.010933	0
SS203	1	0	0	0	0.007865	0.009438
SS202	1	0	0	0	0	0
SS201	1	0.172556	0	0.022918	0.101107	0.045835
SS200	1	0.003005	0	0	0	0
SS199	1	0	0	0	0.060469	0
SS198	1	0	0	0	0	0
SS197	1	0.015613	0	0	0.020817	0
SS196	1	0.020819	0.024983	0.122835	0.616256	0.118671
SS195	1	0	0.027864	0	0.332971	0
SS194	1	0.024034	0.418189	0.004807	0.129783	0.020829
SS193	1	0.046115	0.032939	0.011529	0.22728	0.062584
SS543	1	0.195555	0.083809	0.006984	0.069841	0.006984
SS541	1	0.072886	0	0	0.005466	0
SS542	1	0.029313	0.091387	0	0	0
SS192	1	0.00496	0.014879	0.014879	0.046291	0
SS191	1	0.005073	0.023676	0.016912	0.109925	0.010147
SS190	1	0	0	0.015631	0	0
SS189	1	0.011784	0	0	0	0
SS188	1	0.011079	0.024004	0.081244	0.25481	0.003693
SS187	1	0.081347	0	0.090806	0.090806	0.022701
SS186	1	0.098934	0	0.015957	0.496266	0.02234
SS185	1	0.059264	0.017206	0.223675	0.135734	0.009559
SS184	1	0	0.251418	0	0.026938	0.00449
SS312	1	0	0	0	0.013837	0
SS313	1	0	0	0.049773	0.011486	0
SS314	1	0.04323	0	0	0.023416	0.009006
SS315	1	0	0	0	0.137172	0.01171
SS171	1	0.017527	0	0	0.109056	0.013632
SS172	1	0.006663	0	0.123261	0.164904	0.013326
SS173	1	0.02022	0	0.119637	0.181984	0.01685
SS174	1	0.010429	0	0.036501	0.201627	0.008691
SS175	1	0	0	0	0	0
SS176	1	0.003612	0	0.115582	0	0
SS177	1	0	0	0.077055	0.132607	0.005376
SS178	1	0.003529	0	0.217061	0.185296	0.003529
SS179	1	0	0	0	0	0
SS180	1	0	0	0	0.039676	0.018893
SS181	1	0	0	0.040813	0.03194	0.005323
SS182	1	0	0	0.094268	0.225917	0
SS183	1	0.003437	0.02406	0.108268	0.054993	0.018904
SS293	1	0	0.059806	0.019138	0.112435	0
SS294	1	0	0	0	0	0.009212
SS316	1	0.016761	0	0	0	0.013409
SS295	1	0.034456	0.005168	0.058575	0.351451	0.018951
SS297	1	0.005957	0.051628	0	0	0
SS298	1	0	0	0	0.012678	0.005433
SS320	1	0	0	0	0.009405	0
SS321	1	0	0	0	0	0
SS299	1	0	0	0	0	0
SS300	1	0	0	0	0	0
SS301	1	0	0	0	0	0
SS302	1	0	0	0	0	0
SS303	1	0.116534	0	0.77014	0.113157	0.013511
SS304	1	0	0	0	0	0
SS305	1	0	0	0	0	0
SS306	1	0	0	0	0.149532	0.005538
SS307	1	0.038083	0	0	0.168367	0.008017
SS308	1	0.028229	0	0.28027	0.243976	0.02218
SS309	1	0	0	0	0.007869	0
SS310	1	0.005459	0	0	0	0
SS311	1	0.016547	0	0.072392	0.041367	0.008273
SS317	1	0.035556	0	0	0	0.071112
SS318	1	0.012949	0	0.151683	0.068442	0.007399
SS319	1	0	0	0.070607	0.14493	0.020439
SS322	1	0.006462	0	0	0	0
SS323	1	0	0.013122	0.009842	0	0.034447
SS324	1	0	0	0	0	0
SS273	1	0.005781	0.414274	0.025049	0.017342	0.009634
SS274	1	0.009106	0.171501	0.129005	0.22462	0
SS275	1	0	0.051478	0.025739	0	0
SS363	1	0	0.063076	0.045473	0	0
SS276	1	0	0	0.048871	0	0
SS277	1	0	0.035326	0	0	0
SS278	1	0	0.021372	0.149602	0.023016	0
SS279	1	0	0	0	0	0
SS280	1	0	0.018446	0	0	0
SS281	1	0	0	0	0	0.005219
SS282	1	0	0.021308	0	0	0.003278
SS283	1	0	0.072397	0	0	0
SS284	1	0	0	0	0	0.007384
SS285	1	0	0.083145	0.007424	0	0
SS286	1	0.008093	0.038849	0.108453	0.025899	0
SS287	1	0	0	0	0	0
SS288	1	0	0.106793	0.015018	0.003337	0
SS289	1	0	0	0	0.003764	0.00941
SS290	1	0	0	0	0	0
SS291	1	0	0	0.029912	0	0.007872
SS292	1	0	0	0.24838	0	0.024673
SS266	1	0.366661	0.13602	0	0.049282	0.025627
SS264	1	0.163614	0.313261	0.085798	0.205515	0.009976
SS263	1	0.18668	0.196108	0.115025	0.081083	0.03017
SS262	1	0.149659	0.147663	0.071836	0.069841	0.017959
SS261	1	0.007301	0.270152	0.109521	0.07849	0
SS341	0	0	0.00768	0	0.097923	0
SS340	0	0	0	0	0.05375	0
SS339	0	0	0	0	0	0
SS338	0	0	0	0	0	0
SS337	0	0	0	0	0	0
SS336	0	0	0	0	0	0
SS335	0	0	0	0	0	0
SS334	0	0	0	0	0	0
SS333	0	0	0	0	0	0
SS332	0	0	0	0	0	0
SS331	0	0	0	0	0	0
SS330	0	0	0	0	0	0
SS329	0	0	0	0	0	0
SS328	0	0	0	0	0	0
SS327	0	0.011375	0.016249	0	0.008125	0
SS326	0	0	0	0	0	0
SS325	0	0	0	0	0	0
SS362	0	0	0	0	0	0
SS361	0	0	0	0	0	0
SS360	0	0	0	0	0.07132	0
SS359	0	0	0	0	0	0
SS358	0	0	0	0	0	0
SS357	0	0.040372	0.00367	0	0.00367	0.009175
SS356	0	0	0.00399	0.027932	0	0
SS355	0	0	0.111179	0.037722	0.146916	0
SS354	0	0.003635	0	0	0.005453	0
SS353	0	0	0	0	0	0
SS352	0	0	0	0	0	0
SS351	0	0	0.034147	0.02561	0.052928	0
SS350	0	0	0	0	0	0.008171
SS349	0	0	0	0	0	0
SS348	0	0	0	0	0	0
SS347	0	0	0	0	0	0
SS346	0	0.013722	0	0	0	0
SS345	0	0	0	0	0.012107	0
SS344	0	0.004596	0	0	0	0
SS372	0	0	0	0	0	0
SS373	0	0	0	0	0	0
SS374	0	0	0	0	0	0
SS375	0	0	0	0	0	0.011832
SS342	0	0	0	0	0	0
SS343	0	0	0	0	0	0.009248
SS368	0	0	0	0	0	0
SS369	0	0	0	0	0	0
SS370	0	0	0	0	0	0.007941
SS371	0	0	0	0	0	0
SS376	0	0	0	0	0	0
SS377	0	0	0	0	0	0
SS378	0	0	0	0	0	0
SS379	0	0	0	0	0	0
SS364	0	0	0	0	0.004836	0.006449
SS365	0	0	0	0	0	0
SS366	0	0	0	0	0	0
SS367	0	0	0.063831	0.055205	0	0.006901
